对于正常信息，78个数据中的测试，表现如下 
准确率：[0.9839439167797377, 0.942107643600181, 0.9409769335142469, 0.9764812302125735, 0.9633649932157394]
精确率：tensor([0.9656, 0.5987, 0.9381, 0.9115, 0.8680])
召回率：tensor([0.9509, 0.5912, 0.9192, 0.9471, 0.9009])
F1值：[0.9581614614024748, 0.5949367088607594, 0.9285518751710922, 0.9289617486338798, 0.8841201716738197]
混淆矩阵：
tensor([[      855.,       813.,        30.,         6.,         1.,         5.],
        [      318.,        22.,       188.,        47.,         2.,        59.],
        [     1845.,         2.,        54.,      1696.,        63.,        30.],
        [      718.,         1.,         0.,        37.,       680.,         0.],
        [      686.,         4.,        42.,        22.,         0.,       618.]])
Mf1：0.9036142826080322
