对于正常信息，78个数据中的测试，表现如下 
准确率：[0.9549977385798282, 0.9147444595205789, 0.9170058796924468, 0.9719583898688376, 0.9287652645861602]
精确率：tensor([0.8511, 0.4783, 0.9174, 0.9078, 0.7928])
召回率：tensor([0.9043, 0.4558, 0.8848, 0.8574, 0.8533])
F1值：[0.8769325912183055, 0.4667609618104668, 0.9008376114563631, 0.8819047619047617, 0.8219332956472583]
混淆矩阵：
tensor([[ 784.,  709.,   49.,   11.,    3.,   12.],
        [ 362.,   76.,  165.,   42.,    0.,   79.],
        [1884.,   16.,   58., 1667.,   44.,   99.],
        [ 540.,    2.,    0.,   75.,  463.,    0.],
        [ 852.,   30.,   73.,   22.,    0.,  727.]])
Mf1：0.8441423773765564
