对于正常信息，78个数据中的测试，表现如下 
准确率：[0.9871099050203528, 0.942107643600181, 0.9319312528267752, 0.9814563545906829, 0.9710538218000905]
精确率：tensor([0.9707, 0.7156, 0.8893, 0.8676, 0.9076])
召回率：tensor([0.9883, 0.4561, 0.9349, 0.9267, 0.8965])
F1值：[0.9794149512459371, 0.5570934256055364, 0.9114966186415759, 0.8962025316455696, 0.9019908116385912]
混淆矩阵：
tensor([[     1372.,      1356.,        14.,         2.,         0.,         0.],
        [      353.,        31.,       161.,       122.,         1.,        38.],
        [     1658.,         8.,        25.,      1550.,        53.,        22.],
        [      382.,         0.,         0.,        28.,       354.,         0.],
        [      657.,         2.,        25.,        41.,         0.,       589.]])
Mf1：0.9041575193405151
