对于正常信息，78个数据中的测试，表现如下 
准确率：[0.95838986883763, 0.9068294889190411, 0.9287652645861602, 0.9805517865219358, 0.9432383536861149]
精确率：tensor([0.9532, 0.5328, 0.9436, 0.9104, 0.8040])
召回率：tensor([0.8165, 0.7190, 0.8933, 0.8798, 0.8873])
F1值：[0.8795811518324607, 0.6120527306967984, 0.917776037588097, 0.8948655256723717, 0.8436137071651091]
混淆矩阵：
tensor([[ 823.,  672.,  124.,    7.,    8.,   12.],
        [ 452.,   23.,  325.,   30.,    0.,   74.],
        [1968.,    4.,   99., 1758.,   28.,   79.],
        [ 416.,    0.,    0.,   50.,  366.,    0.],
        [ 763.,    6.,   62.,   18.,    0.,  677.]])
Mf1：0.8674627542495728
