对于正常信息，78个数据中的测试，表现如下 
准确率：[0.9830393487109905, 0.9317051108095884, 0.9310266847580281, 0.9859791949344188, 0.9624604251469923]
精确率：tensor([0.9520, 0.5693, 0.9217, 0.9387, 0.9158])
召回率：tensor([0.9675, 0.6518, 0.9068, 0.9676, 0.8398])
F1值：[0.9596990865126277, 0.6077922077922079, 0.9142053445850915, 0.9529590288315629, 0.8761194029850746]
混淆矩阵：
tensor([[      923.,       893.,        27.,         1.,         0.,         2.],
        [      359.,        36.,       234.,        57.,         0.,        32.],
        [     1792.,         5.,       101.,      1625.,        41.,        20.],
        [      649.,         0.,         0.,        21.,       628.,         0.],
        [      699.,         4.,        49.,        59.,         0.,       587.]])
Mf1：0.8990440368652344
