对于正常信息，78个数据中的测试，表现如下 
准确率：[0.9701492537313433, 0.9369063772048847, 0.8937132519222072, 0.9599728629579376, 0.9380370872908186]
精确率：tensor([0.8821, 0.3816, 0.8667, 0.9266, 0.8753])
召回率：tensor([0.9523, 0.5604, 0.8480, 0.8746, 0.8063])
F1值：[0.9158163265306122, 0.45401174168297465, 0.8572296476306196, 0.899830220713073, 0.8393903868698711]
混淆矩阵：
tensor([[ 754.,  718.,   31.,    0.,    0.,    5.],
        [ 207.,   62.,  116.,   18.,    2.,    9.],
        [1664.,   20.,   84., 1411.,   61.,   88.],
        [ 909.,    7.,    0.,  107.,  795.,    0.],
        [ 888.,    7.,   73.,   92.,    0.,  716.]])
Mf1：0.854982316493988
