对于正常信息，78个数据中的测试，表现如下 
准确率：[0.9776119402985075, 0.9312528267752148, 0.8962008141112618, 0.9730890999547716, 0.944142921754862]
精确率：tensor([0.9585, 0.3861, 0.9252, 0.8084, 0.8278])
召回率：tensor([0.9054, 0.6261, 0.8792, 0.8308, 0.8423])
F1值：[0.9312022237665045, 0.4776632302405499, 0.9016498821512748, 0.819423368740516, 0.8350033400133601]
混淆矩阵：
tensor([[      740.,       670.,        45.,         7.,         1.,        17.],
        [      222.,         9.,       139.,        44.,         1.,        29.],
        [     2393.,        18.,       126.,      2104.,        62.,        83.],
        [      325.,         1.,         5.,        48.,       270.,         1.],
        [      742.,         1.,        45.,        71.,         0.,       625.]])
Mf1：0.8698880672454834
