对于正常信息，78个数据中的测试，表现如下 
准确率：[0.9701492537313433, 0.9285391225689733, 0.912483039348711, 0.9830393487109905, 0.9570330167345092]
精确率：tensor([0.9835, 0.3849, 0.8705, 0.8787, 0.8817])
召回率：tensor([0.9262, 0.4756, 0.8577, 0.9582, 0.8922])
F1值：[0.9539427773900907, 0.4254545454545454, 0.8640674394099052, 0.9167591564927857, 0.8869047619047618]
混淆矩阵：
tensor([[     1476.,      1367.,        83.,        19.,         1.,         6.],
        [      246.,        11.,       117.,        94.,         0.,        24.],
        [     1434.,         6.,        73.,      1230.,        56.,        69.],
        [      431.,         0.,         0.,        17.,       413.,         1.],
        [      835.,         6.,        31.,        53.,         0.,       745.]])
Mf1：0.8798357844352722
