对于正常信息，78个数据中的测试，表现如下 
准确率：[0.9785165083672547, 0.9601990049751243, 0.9425599276345545, 0.9834916327453641, 0.9647218453188603]
精确率：tensor([0.9912, 0.3921, 0.9062, 0.9458, 0.9453])
召回率：tensor([0.9295, 0.7008, 0.9310, 0.9444, 0.8750])
F1值：[0.959349593495935, 0.5028248587570621, 0.9184328837508029, 0.945071482317532, 0.9087719298245613]
混淆矩阵：
tensor([[     1206.,      1121.,        73.,         3.,         0.,         9.],
        [      127.,         0.,        89.,        28.,         0.,        10.],
        [     1536.,         5.,        39.,      1430.,        36.,        26.],
        [      665.,         1.,         1.,        35.,       628.,         0.],
        [      888.,         4.,        25.,        82.,         0.,       777.]])
Mf1：0.9215234518051147
