对于正常信息，78个数据中的测试，表现如下 
准确率：[0.9418815015829941, 0.9283129805517866, 0.8869289914066033, 0.9549977385798282, 0.9364540931705111]
精确率：tensor([0.9641, 0.2669, 0.8585, 0.8131, 0.8142])
召回率：tensor([0.8275, 0.5759, 0.8289, 0.9117, 0.7808])
F1值：[0.8905917411664538, 0.36472945891783565, 0.8434564809016907, 0.8595624558927312, 0.7971119133574007]
混淆矩阵：
tensor([[     1264.,      1046.,       151.,        27.,         5.,        35.],
        [      158.,        20.,        91.,        32.,         0.,        15.],
        [     1625.,        10.,        59.,      1347.,       133.,        76.],
        [      668.,         2.,         1.,        56.,       609.,         0.],
        [      707.,         7.,        39.,       107.,         2.,       552.]])
Mf1：0.8386809825897217
